<?xml version="1.0"?>
<opencv_storage>
<K type_id="opencv-matrix">
  <rows>3</rows>
  <cols>3</cols>
  <dt>d</dt>
  <data>
    7.1117115676629567e+02 0. 4.0672898237152521e+02 0.
    7.6039185056700489e+02 2.0558701899842154e+02 0. 0. 1.</data></K>
<R type_id="opencv-matrix">
  <rows>3</rows>
  <cols>3</cols>
  <dt>d</dt>
  <data>
    1. 0. 0. 0. 1. 0. 0. 0. 1.</data></R>
<t type_id="opencv-matrix">
  <rows>1</rows>
  <cols>3</cols>
  <dt>d</dt>
  <data>
    0. 0. 0.</data></t>
<coeffs type_id="opencv-matrix">
  <rows>1</rows>
  <cols>5</cols>
  <dt>d</dt>
  <data>
    -7.6434683028167222e-02 2.9660732083389135e-01 0. 0. 0.</data></coeffs>
<imageSize type_id="opencv-matrix">
  <rows>2</rows>
  <cols>1</cols>
  <dt>d</dt>
  <data>
    480. 800.</data></imageSize>
<E type_id="opencv-matrix">
  <rows>3</rows>
  <cols>3</cols>
  <dt>d</dt>
  <data>
    4.0295674081500331e-06 5.2448256972408517e-03 1.1241768925626060e-03
    -5.1671709793298382e-03 4.5785235880579738e-04
    5.6793758537752488e-02 -1.1946382144353582e-03
    -5.6786905325495587e-02 4.5661430552360987e-04</data></E>
<F type_id="opencv-matrix">
  <rows>3</rows>
  <cols>3</cols>
  <dt>d</dt>
  <data>
    -2.9532801021743050e-09 -3.5951246649829400e-06
    1.5436964333803422e-04 3.5592927508815437e-06
    -2.9496671695612513e-07 -2.9208851721186521e-02
    -2.4936589568184860e-04 2.8930483607015531e-02 1.</data></F>
</opencv_storage>
