<?xml version="1.0"?>
<opencv_storage>
<K type_id="opencv-matrix">
  <rows>3</rows>
  <cols>3</cols>
  <dt>d</dt>
  <data>
    7.1161720374270249e+02 0. 3.6485488226194514e+02 0.
    7.5920956993907316e+02 2.4331417658828423e+02 0. 0. 1.</data></K>
<R type_id="opencv-matrix">
  <rows>3</rows>
  <cols>3</cols>
  <dt>d</dt>
  <data>
    9.9999936182349902e-01 -5.5498236488497183e-04
    -9.8404632475498411e-04 5.4703991388771629e-04
    9.9996742284023876e-01 -8.0531984691584371e-03
    9.8848365045195756e-04 8.0526550171796593e-03 9.9996708828203296e-01</data></R>
<t type_id="opencv-matrix">
  <rows>3</rows>
  <cols>1</cols>
  <dt>d</dt>
  <data>
    -5.6776582052676675e-02 1.1524482339421850e-03
    -5.2751340213482789e-03</data></t>
<coeffs type_id="opencv-matrix">
  <rows>1</rows>
  <cols>5</cols>
  <dt>d</dt>
  <data>
    -2.5630730060980104e-02 3.4384035891064935e-01 0. 0. 0.</data></coeffs>
<imageSize type_id="opencv-matrix">
  <rows>2</rows>
  <cols>1</cols>
  <dt>d</dt>
  <data>
    480. 800.</data></imageSize>
<E type_id="opencv-matrix">
  <rows>3</rows>
  <cols>3</cols>
  <dt>d</dt>
  <data>
    4.0248850980286078e-06 5.2842424405175979e-03 1.1099286036656104e-03
    -5.2190079317940927e-03 4.6012983467905248e-04
    5.6779904414067321e-02 -1.1835065550337386e-03
    -5.6774092844446164e-02 4.5836714611974537e-04</data></E>
<F type_id="opencv-matrix">
  <rows>3</rows>
  <cols>3</cols>
  <dt>d</dt>
  <data>
    -2.9442669243223191e-09 -3.6051332781727873e-06
    1.5751233580041959e-04 3.5784620465701462e-06
    -2.9424138000158305e-07 -2.9229835984570181e-02
    -2.5353108213034342e-04 2.8950498745833574e-02 1.</data></F>
</opencv_storage>
