<?xml version="1.0"?>
<opencv_storage>
<K type_id="opencv-matrix">
  <rows>3</rows>
  <cols>3</cols>
  <dt>d</dt>
  <data>
    7.0782678526540053e+02 0. 3.6328510084969901e+02 0.
    7.5311678920458860e+02 2.4448084399053351e+02 0. 0. 1.</data></K>
<R type_id="opencv-matrix">
  <rows>3</rows>
  <cols>3</cols>
  <dt>d</dt>
  <data>
    9.9999914758106301e-01 -5.1072859037436540e-04
    -1.2016627873216253e-03 5.0108023507005196e-04
    9.9996774727112048e-01 -8.0158178696029640e-03
    1.2057179377787765e-03 8.0152089072960710e-03 9.9996715079567844e-01</data></R>
<t type_id="opencv-matrix">
  <rows>3</rows>
  <cols>1</cols>
  <dt>d</dt>
  <data>
    -5.6789332539541257e-02 1.1661831964136142e-03
    -5.2356473592122038e-03</data></t>
<coeffs type_id="opencv-matrix">
  <rows>1</rows>
  <cols>5</cols>
  <dt>d</dt>
  <data>
    -4.3261387087221671e-03 2.0235232240009632e-01 0. 0. 0.</data></coeffs>
<imageSize type_id="opencv-matrix">
  <rows>2</rows>
  <cols>1</cols>
  <dt>d</dt>
  <data>
    480. 800.</data></imageSize>
<E type_id="opencv-matrix">
  <rows>3</rows>
  <cols>3</cols>
  <dt>d</dt>
  <data>
    4.0295674081500331e-06 5.2448256972408517e-03 1.1241768925626060e-03
    -5.1671709793298382e-03 4.5785235880579738e-04
    5.6793758537752488e-02 -1.1946382144353582e-03
    -5.6786905325495587e-02 4.5661430552360987e-04</data></E>
<F type_id="opencv-matrix">
  <rows>3</rows>
  <cols>3</cols>
  <dt>d</dt>
  <data>
    -2.9532801021743050e-09 -3.5951246649829400e-06
    1.5436964333803422e-04 3.5592927508815437e-06
    -2.9496671695612513e-07 -2.9208851721186521e-02
    -2.4936589568184860e-04 2.8930483607015531e-02 1.</data></F>
</opencv_storage>
