[LEFT_CAM_VGA] 
fx=711.1711567662957
fy=760.3918505670049
cx=406.7289823715252
cy=205.58701899842154
k1=-0.07643468302816722
k2=0.29660732083389135
k3=0.0
p1=0.0
p2=0.0

[RIGHT_CAM_VGA] 
fx=707.8267852654005
fy=753.1167892045886
cx=363.285100849699
cy=244.48084399053351
k1=-0.004326138708722167
k2=0.20235232240009632
k3=0.0
p1=0.0
p2=0.0

[STEREO] 
Baseline=-56.789332539541256

