[LEFT_CAM_VGA] 
fx=714.7964686398554
fy=766.4211866990332
cx=408.48160024684614
cy=204.34044888600258
k1=-0.09163661879316917
k2=0.39509441653232846
k3=0.0
p1=0.0
p2=0.0

[RIGHT_CAM_VGA] 
fx=711.6172037427025
fy=759.2095699390732
cx=364.85488226194514
cy=243.31417658828423
k1=-0.025630730060980104
k2=0.34384035891064935
k3=0.0
p1=0.0
p2=0.0

[STEREO] 
Baseline=-56.77658205267667

